0.218239
0.737369
1.410301
0.243141
0.737369
1.410301
0.231268
0.737369
1.410301
0.240669
0.737369
1.410301
0.266422
0.737369
1.410301
0.284796
0.737369
1.410301
0.208903
0.737369
1.410301
0.242340
0.737369
1.410301
0.191795
0.737369
1.410301
0.271441
0.737369
1.410301
0.272192
0.737369
1.410301
0.215974
0.737369
1.410301
0.237558
0.737369
1.410301
0.233401
0.737369
1.410301
0.217178
0.737369
1.410301
0.274497
0.737369
1.410301
0.226948
0.737369
1.410301
0.234106
0.737369
1.410301
0.248624
0.737369
1.410301
0.229383
0.737369
1.410301
0.212926
0.737369
1.410301
0.205760
0.737369
1.410301
0.203021
0.737369
1.410301
0.292868
0.737369
1.410301
0.239959
0.737369
1.410301
0.196201
0.737369
1.410301
0.225497
0.737369
1.410301
0.215851
0.737369
1.410301
0.192664
0.737369
1.410301
0.203558
0.737369
1.410301
0.215012
0.737369
1.410301
0.204223
0.737369
1.410301
0.250031
0.737369
1.410301
0.236643
0.737369
1.410301
0.208050
0.737369
1.410301
0.224268
0.737369
1.410301
0.247850
0.737369
1.410301
0.234390
0.737369
1.410301
0.293552
0.737369
1.410301
0.263588
0.737369
1.410301
0.207783
0.737369
1.410301
0.243678
0.737369
1.410301
0.243702
0.737369
1.410301
0.209865
0.737369
1.410301
0.288724
0.737369
1.410301
0.276564
0.737369
1.410301
0.277400
0.737369
1.410301
0.246998
0.737369
1.410301
0.198043
0.737369
1.410301
0.228702
0.737369
1.410301
0.212097
0.737369
1.410301
0.200299
0.737369
1.410301
0.217335
0.737369
1.410301
0.193490
0.737369
1.410301
0.230012
0.737369
1.410301
0.242056
0.737369
1.410301
0.229522
0.737369
1.410301
0.250094
0.737369
1.410301
0.225747
0.737369
1.410301
0.226953
0.737369
1.410301
0.207279
0.737369
1.410301
0.214126
0.737369
1.410301
0.216583
0.737369
1.410301
0.262260
0.737369
1.410301
0.209325
0.737369
1.410301
0.228067
0.737369
1.410301
0.209792
0.737369
1.410301
0.237709
0.737369
1.410301
0.241753
0.737369
1.410301
0.232815
0.737369
1.410301
0.244828
0.737369
1.410301
0.284899
0.737369
1.410301
0.244138
0.737369
1.410301
0.277619
0.737369
1.410301
0.276059
0.737369
1.410301
0.221155
0.737369
1.410301
0.212446
0.737369
1.410301
0.199701
0.737369
1.410301
0.229042
0.737369
1.410301
0.223851
0.737369
1.410301
0.225801
0.737369
1.410301
0.246316
0.737369
1.410301
0.235465
0.737369
1.410301
0.265884
0.737369
1.410301
0.231922
0.737369
1.410301
0.267592
0.737369
1.410301
0.260395
0.737369
1.410301
0.240268
0.737369
1.410301
0.248588
0.737369
1.410301
0.211178
0.737369
1.410301
0.300171
0.737369
1.410301
0.209374
0.737369
1.410301
0.295209
0.737369
1.410301
0.210988
0.737369
1.410301
0.232844
0.737369
1.410301
0.227774
0.737369
1.410301
0.224465
0.737369
1.410301
0.231716
0.737369
1.410301
0.214850
0.737369
1.410301
0.287815
0.737369
1.410301
0.263831
0.737369
1.410301
0.267560
0.737369
1.410301
0.232058
0.737369
1.410301
0.265106
0.737369
1.410301
0.245879
0.737369
1.410301
0.236827
0.737369
1.410301
0.222210
0.737369
1.410301
0.250431
0.737369
1.410301
0.258000
0.737369
1.410301
0.212137
0.737369
1.410301
0.224718
0.737369
1.410301
0.221220
0.737369
1.410301
0.216867
0.737369
1.410301
0.234781
0.737369
1.410301
0.259479
0.737369
1.410301
0.217185
0.737369
1.410301
0.194769
0.737369
1.410301
0.238547
0.737369
1.410301
0.215644
0.737369
1.410301
0.223350
0.737369
1.410301
0.224300
0.737369
1.410301
0.217934
0.737369
1.410301
0.215166
0.737369
1.410301
0.231120
0.737369
1.410301
0.223190
0.737369
1.410301
0.225631
0.737369
1.410301
0.241803
0.737369
1.410301
0.294513
0.737369
1.410301
0.239639
0.737369
1.410301
0.221345
0.737369
1.410301
0.240313
0.737369
1.410301
0.263229
0.737369
1.410301
0.244811
0.737369
1.410301
0.213185
0.737369
1.410301
0.187120
0.737369
1.410301
0.275219
0.737369
1.410301
0.239687
0.737369
1.410301
0.269635
0.737369
1.410301
0.209809
0.737369
1.410301
0.225560
0.737369
1.410301
0.257890
0.737369
1.410301
0.225847
0.737369
1.410301
0.253372
0.737369
1.410301
0.223466
0.737369
1.410301
0.188123
0.737369
1.410301
0.209045
0.737369
1.410301
0.230467
0.737369
1.410301
0.238259
0.737369
1.410301
0.262514
0.737369
1.410301
0.253442
0.737369
1.410301
0.238551
0.737369
1.410301
0.245690
0.737369
1.410301
0.249698
0.737369
1.410301
0.233977
0.737369
1.410301
0.225190
0.737369
1.410301
0.229051
0.737369
1.410301
0.223906
0.737369
1.410301
0.238477
0.737369
1.410301
0.249727
0.737369
1.410301
0.259846
0.737369
1.410301
0.251276
0.737369
1.410301
0.206207
0.737369
1.410301
0.202961
0.737369
1.410301
0.239100
0.737369
1.410301
0.248676
0.737369
1.410301
0.233747
0.737369
1.410301
0.227821
0.737369
1.410301
0.224078
0.737369
1.410301
0.243967
0.737369
1.410301
0.229734
0.737369
1.410301
0.240016
0.737369
1.410301
0.197621
0.737369
1.410301
0.225443
0.737369
1.410301
0.239547
0.737369
1.410301
0.278113
0.737369
1.410301
0.238611
0.737369
1.410301
0.235729
0.737369
1.410301
0.256431
0.737369
1.410301
0.235155
0.737369
1.410301
0.257781
0.737369
1.410301
0.226353
0.737369
1.410301
0.229059
0.737369
1.410301
0.209995
0.737369
1.410301
0.206405
0.737369
1.410301
0.251840
0.737369
1.410301
0.208354
0.737369
1.410301
0.203453
0.737369
1.410301
0.264769
0.737369
1.410301
0.256354
0.737369
1.410301
0.248215
0.737369
1.410301
0.245648
0.737369
1.410301
0.218891
0.737369
1.410301
0.202447
0.737369
1.410301
0.244557
0.737369
1.410301
0.220271
0.737369
1.410301
0.207916
0.737369
1.410301
0.248819
0.737369
1.410301
0.226555
0.737369
1.410301
0.275152
0.737369
1.410301
0.224111
0.737369
1.410301
0.251488
0.737369
1.410301
0.257216
0.737369
1.410301
0.236704
0.737369
1.410301
0.233464
0.737369
1.410301
0.222476
0.737369
1.410301
0.224921
0.737369
1.410301
0.239440
0.737369
1.410301
0.193981
0.737369
1.410301
0.228948
0.737369
1.410301
0.258136
0.737369
1.410301
0.268836
0.737369
1.410301
0.250055
0.737369
1.410301
0.232748
0.737369
1.410301
0.297739
0.737369
1.410301
0.244070
0.737369
1.410301
0.252066
0.737369
1.410301
0.275432
0.737369
1.410301
0.209330
0.737369
1.410301
0.229088
0.737369
1.410301
0.208272
0.737369
1.410301
0.247050
0.737369
1.410301
0.280198
0.737369
1.410301
0.212199
0.737369
1.410301
0.236242
0.737369
1.410301
0.188340
0.737369
1.410301
0.235447
0.737369
1.410301
0.204958
0.737369
1.410301
0.211749
0.737369
1.410301
0.195855
0.737369
1.410301
0.247708
0.737369
1.410301
0.236386
0.737369
1.410301
0.218340
0.737369
1.410301
0.195398
0.737369
1.410301
0.272581
0.737369
1.410301
0.272134
0.737369
1.410301
0.210991
0.737369
1.410301
0.225383
0.737369
1.410301
0.238670
0.737369
1.410301
0.221526
0.737369
1.410301
0.286106
0.737369
1.410301
0.228024
0.737369
1.410301
0.258277
0.737369
1.410301
0.220948
0.737369
1.410301
0.205215
0.737369
1.410301
0.240391
0.737369
1.410301
0.246739
0.737369
1.410301
0.266404
0.737369
1.410301
0.235785
0.737369
1.410301
0.255000
0.737369
1.410301
0.256009
0.737369
1.410301
0.231879
0.737369
1.410301
0.205692
0.737369
1.410301
0.222411
0.737369
1.410301
0.204407
0.737369
1.410301
0.252579
0.737369
1.410301
0.282981
0.737369
1.410301
0.233674
0.737369
1.410301
0.220851
0.737369
1.410301
0.215909
0.737369
1.410301
0.237000
0.737369
1.410301
0.239231
0.737369
1.410301
0.229311
0.737369
1.410301
0.265994
0.737369
1.410301
0.219168
0.737369
1.410301
0.237501
0.737369
1.410301
0.282799
0.737369
1.410301
0.268933
0.737369
1.410301
0.290158
0.737369
1.410301
0.235942
0.737369
1.410301
0.294483
0.737369
1.410301
0.248660
0.737369
1.410301
0.251710
0.737369
1.410301
0.231325
0.737369
1.410301
0.255603
0.737369
1.410301
0.208724
0.737369
1.410301
0.219830
0.737369
1.410301
0.208882
0.737369
1.410301
0.255812
0.737369
1.410301
0.258956
0.737369
1.410301
0.253747
0.737369
1.410301
0.231092
0.737369
1.410301
0.216787
0.737369
1.410301
0.205115
0.737369
1.410301
0.255369
0.737369
1.410301
0.230661
0.737369
1.410301
0.249947
0.737369
1.410301
0.279591
0.737369
1.410301
0.220827
0.737369
1.410301
0.273178
0.737369
1.410301
0.228089
0.737369
1.410301
0.215686
0.737369
1.410301
0.246904
0.737369
1.410301
0.226437
0.737369
1.410301
0.234176
0.737369
1.410301
0.222583
0.737369
1.410301
0.269649
0.737369
1.410301
0.206842
0.737369
1.410301
0.220779
0.737369
1.410301
0.232646
0.737369
1.410301
0.240592
0.737369
1.410301
0.233484
0.737369
1.410301
0.206372
0.737369
1.410301
0.253912
0.737369
1.410301
0.241012
0.737369
1.410301
0.316564
0.737369
1.410301
0.317146
0.737369
1.410301
0.241503
0.737369
1.410301
0.247559
0.737369
1.410301
0.209555
0.737369
1.410301
0.244242
0.737369
1.410301
0.235624
0.737369
1.410301
0.214210
0.737369
1.410301
0.241802
0.737369
1.410301
0.278416
0.737369
1.410301
0.248711
0.737369
1.410301
0.224919
0.737369
1.410301
0.212666
0.737369
1.410301
0.273039
0.737369
1.410301
0.196930
0.737369
1.410301
0.252995
0.737369
1.410301
0.251764
0.737369
1.410301
0.276881
0.737369
1.410301
0.237376
0.737369
1.410301
0.286485
0.737369
1.410301
0.279197
0.737369
1.410301
0.237831
0.737369
1.410301
0.243522
0.737369
1.410301
0.196680
0.737369
1.410301
0.204093
0.737369
1.410301
0.197610
0.737369
1.410301
0.229746
0.737369
1.410301
0.197265
0.737369
1.410301
0.231639
0.737369
1.410301
0.271503
0.737369
1.410301
0.250207
0.737369
1.410301
0.230197
0.737369
1.410301
0.173587
0.737369
1.410301
0.210752
0.737369
1.410301
0.192192
0.737369
1.410301
0.213688
0.737369
1.410301
0.213607
0.737369
1.410301
0.205241
0.737369
1.410301
0.203382
0.737369
1.410301
0.213403
0.737369
1.410301
0.204923
0.737369
1.410301
0.237500
0.737369
1.410301
0.214680
0.737369
1.410301
0.245962
0.737369
1.410301
0.308776
0.737369
1.410301
0.223478
0.737369
1.410301
0.225784
0.737369
1.410301
0.213817
0.737369
1.410301
0.210335
0.737369
1.410301
0.248307
0.737369
1.410301
0.236388
0.737369
1.410301
0.237989
0.737369
1.410301
0.254634
0.737369
1.410301
0.229874
0.737369
1.410301
0.199429
0.737369
1.410301
0.228170
0.737369
1.410301
0.224800
0.737369
1.410301
0.236439
0.737369
1.410301
0.219105
0.737369
1.410301
0.256148
0.737369
1.410301
0.202955
0.737369
1.410301
0.173580
0.737369
1.410301
0.221303
0.737369
1.410301
0.215819
0.737369
1.410301
0.236640
0.737369
1.410301
0.221501
0.737369
1.410301
0.218077
0.737369
1.410301
0.232495
0.737369
1.410301
0.262105
0.737369
1.410301
0.302979
0.737369
1.410301
0.233591
0.737369
1.410301
0.228495
0.737369
1.410301
0.282219
0.737369
1.410301
0.241645
0.737369
1.410301
0.222361
0.737369
1.410301
0.223937
0.737369
1.410301
0.208528
0.737369
1.410301
0.227428
0.737369
1.410301
0.248401
0.737369
1.410301
0.229361
0.737369
1.410301
0.225550
0.737369
1.410301
0.220256
0.737369
1.410301
0.240816
0.737369
1.410301
0.231016
0.737369
1.410301
0.239701
0.737369
1.410301
0.207977
0.737369
1.410301
0.224483
0.737369
1.410301
0.233824
0.737369
1.410301
0.253589
0.737369
1.410301
0.234801
0.737369
1.410301
0.253758
0.737369
1.410301
0.242845
0.737369
1.410301
0.256274
0.737369
1.410301
0.223294
0.737369
1.410301
0.280945
0.737369
1.410301
0.285533
0.737369
1.410301
0.296559
0.737369
1.410301
0.277149
0.737369
1.410301
0.218706
0.737369
1.410301
0.226177
0.737369
1.410301
0.219882
0.737369
1.410301
0.215563
0.737369
1.410301
0.256600
0.737369
1.410301
0.201471
0.737369
1.410301
0.205464
0.737369
1.410301
0.301151
0.737369
1.410301
0.204186
0.737369
1.410301
0.237397
0.737369
1.410301
0.221560
0.737369
1.410301
0.202428
0.737369
1.410301
0.195118
0.737369
1.410301
0.219375
0.737369
1.410301
0.244406
0.737369
1.410301
0.305004
0.737369
1.410301
0.252979
0.737369
1.410301
0.211832
0.737369
1.410301
0.269683
0.737369
1.410301
0.238655
0.737369
1.410301
0.225147
0.737369
1.410301
0.233181
0.737369
1.410301
0.240634
0.737369
1.410301
0.243009
0.737369
1.410301
0.243713
0.737369
1.410301
0.243547
0.737369
1.410301
0.310549
0.737369
1.410301
0.185914
0.737369
1.410301
0.219626
0.505842
1.373192
0.228918
0.505842
1.373192
0.229838
0.505842
1.373192
0.257394
0.505842
1.373192
0.210539
0.505842
1.373192
0.230018
0.505842
1.373192
0.260345
0.505842
1.373192
0.224284
0.505842
1.373192
0.231619
0.505842
1.373192
0.223859
0.505842
1.373192
0.232562
0.505842
1.373192
0.228270
0.505842
1.373192
0.198366
0.505842
1.373192
0.214015
0.505842
1.373192
0.229412
0.505842
1.373192
0.205279
0.505842
1.373192
0.245361
0.505842
1.373192
0.217136
0.505842
1.373192
0.245905
0.505842
1.373192
0.196284
0.505842
1.373192
0.226399
0.505842
1.373192
0.276433
0.505842
1.373192
0.231785
0.505842
1.373192
0.221797
0.505842
1.373192
0.238377
0.505842
1.373192
0.260231
0.505842
1.373192
0.223227
0.505842
1.373192
0.219027
0.505842
1.373192
0.231139
0.505842
1.373192
0.244145
0.505842
1.373192
0.214832
0.505842
1.373192
0.228729
0.505842
1.373192
0.205766
0.505842
1.373192
0.210347
0.505842
1.373192
0.225911
0.505842
1.373192
0.216958
0.505842
1.373192
0.249284
0.505842
1.373192
0.259267
0.505842
1.373192
0.241453
0.505842
1.373192
0.231834
0.505842
1.373192
0.229546
0.505842
1.373192
0.239040
0.505842
1.373192
0.248317
0.505842
1.373192
0.217857
0.505842
1.373192
0.213401
0.505842
1.373192
0.244939
0.505842
1.373192
0.192718
0.505842
1.373192
0.234643
0.505842
1.373192
0.258986
0.505842
1.373192
0.217069
0.505842
1.373192
0.208090
0.505842
1.373192
0.216016
0.505842
1.373192
0.231731
0.505842
1.373192
0.226092
0.505842
1.373192
0.241396
0.505842
1.373192
0.217461
0.505842
1.373192
0.261482
0.505842
1.373192
0.213523
0.505842
1.373192
0.210765
0.505842
1.373192
0.202187
0.505842
1.373192
0.220652
0.505842
1.373192
0.219307
0.505842
1.373192
0.243637
0.505842
1.373192
0.249710
0.505842
1.373192
0.225657
0.505842
1.373192
0.279692
0.505842
1.373192
0.253503
0.505842
1.373192
0.206034
0.505842
1.373192
0.266119
0.505842
1.373192
0.274821
0.505842
1.373192
