0.000000 1.000000 0.500000
0.100166 0.995004 0.597669
0.198669 0.980067 0.688703
0.295520 0.955336 0.771688
0.389418 0.921061 0.845349
0.479426 0.877583 0.908587
0.564642 0.825336 0.960481
0.644218 0.764842 1.000287
0.717356 0.696707 1.027448
0.783327 0.621610 1.041595
0.841471 0.540302 1.042571
0.891207 0.453596 1.030412
0.932039 0.362358 1.005342
0.963558 0.267499 0.967761
0.985449 0.169967 0.918233
0.997495 0.070737 0.857488
0.999574 -0.029199 0.786407
0.991665 -0.128844 0.705995
0.973848 -0.227202 0.617377
0.946300 -0.323290 0.521789
0.909297 -0.416147 0.420556
0.863209 -0.504846 0.315086
0.808496 -0.588501 0.206757
0.745705 -0.666276 0.096996
0.675463 -0.737394 -0.012720
0.598472 -0.801144 -0.121900
0.515501 -0.856889 -0.229043
0.427091 -0.904072 -0.332655
0.333807 -0.942222 -0.431254
0.236242 -0.970958 -0.523407
0.135067 -0.989992 -0.607759
0.031006 -0.999135 -0.683052
-0.074302 -0.998246 -0.748135
-0.178246 -0.987227 -0.801968
-0.279815 -0.966072 -0.843621
-0.377978 -0.934826 -0.872276
-0.471720 -0.893601 -0.887233
-0.559987 -0.842546 -0.887915
-0.641831 -0.781831 -0.873874
-0.716354 -0.711740 -0.844788
-0.782708 -0.632572 -0.800465
-0.839957 -0.544717 -0.740846
-0.887204 -0.448549 -0.666014
-0.923880 -0.344537 -0.576202
-0.949430 -0.233146 -0.471775
-0.963402 -0.114945 -0.353235
-0.965551 0.008453 -0.221199
-0.955788 0.134024 -0.076395
-0.934148 0.259972 0.079979
-0.900790 0.384501 0.246461
